4916.036 2834.369806740305 0.5002505714677807
4960.32 2686.33618792161 0.2216175723579644
5025.64 2477.779362228308 0.477240330512029
5045.82 1716.570858283433 86.02860944777103
5345.05 1591.905940593481 0.1806866274801035
5365.06 1716.570858283433 86.02860944777103
5460.074 1355.26716620186 0.913718526890504
5675.86 925.4974664230572 0.3150297195844225
5769.59 758.597914065926 0.5074956110931976
5790.64 722.4425181492466 0.4925104681882105
5859.38 606.8852751228479 0.1914579961327988
5872.03 586.2294466534177 0.2909199184398947
5888.94 558.1870115354549 0.4560130556353941
6072.64 282.6002236392648 0.9790721786214969
6123.27 211.6232931662312 0.5553647967580584
6234.37 63.66662628166805 0.4710491411289948
